"Date","Tair","Tmax","Tmin","RH","Rain","RAD","Pressure","WindSpeed"
2017-01-01,20.9,26.9,16.1,82,0,20.56,913.1,1.19
2017-01-02,21,27.3,17.1,78.5,0,20.45,912.4,1.18
2017-01-03,21,27.3,16.6,78.3,0,20.48,911.7,1.34
2017-01-04,20.4,26.4,17.3,84.7,0,15.51,911.8,1.38
2017-01-05,20.6,27.1,15.8,79.2,0,19.35,911.3,1.55
2017-01-06,21.5,29,16.1,78.5,0,20.36,910.9,0.86
2017-01-07,20.8,25.7,17.8,85,0,14.41,914.9,2.21
2017-01-08,17.3,20.4,15,90.9,15,10.72,917.9,4.55
2017-01-09,15.1,15.9,13.9,90.1,52,11.24,918.5,4.63
2017-01-10,17.8,23,15.7,84.2,10,19.35,915.9,3.57
2017-01-11,17.9,21.9,14.1,84.7,1.4,15.14,914.7,2.43
2017-01-12,19.7,24.5,16.2,79.5,0,19.43,914.9,2.41
2017-01-13,19.9,24.7,14.6,75.3,0,21.09,916.2,2.98
2017-01-14,19.2,23.8,17.2,82.8,1.2,17.69,915.6,2.92
2017-01-15,18.5,21.9,17.1,88.7,6.2,13.87,914.1,2.13
2017-01-16,20,25.2,16.4,82.7,1.4,19.18,913.3,1.54
2017-01-17,20.5,25,17.9,84.2,0,17.94,913.6,1.41
2017-01-18,20.9,26.9,16.4,76.7,0,21.03,913.8,1.41
2017-01-19,21.2,26.6,17,77.9,0,17.28,912.6,0.76
2017-01-20,21.3,28.7,16.6,77.2,0,18.6,911.5,1.67
2017-01-21,22.5,30.2,15.7,58.9,0,20.95,911.5,2.19
2017-01-22,21.9,30.6,15.7,65.6,0,22.12,910,1.59
2017-01-23,21.1,25.3,16,64.5,0,22.27,912.9,2.02
2017-01-24,18.8,25.6,14.5,73.1,0,22.73,913.3,0.86
2017-01-25,19.4,27.7,14.1,76.1,0,22.68,912.4,1.16
2017-01-26,20.4,27.9,15.1,73.5,0,22.53,913.2,1.21
2017-01-27,20.1,26.5,15.9,74.6,0,19.6,913.8,1.79
2017-01-28,20.9,27.7,15.5,73.8,0,21.31,912.9,1.61
2017-01-29,20.2,24.9,17.8,81.2,0,17.93,915.1,2.89
2017-01-30,16.6,18.4,15,92.1,25.6,10.57,916.6,3.56
2017-01-31,16,19.5,14.1,90.1,6.2,15.63,916.1,2.84
2017-02-01,19.6,25.9,16,84.6,0.2,20.02,914.1,2
2017-02-02,20.9,26,16.9,78.9,0,22.33,914,2.35
2017-02-03,19.9,24.6,16.8,83,0,19.32,914.7,2.72
2017-02-04,19.1,23.2,18,89,5.4,13.93,914,3.05
2017-02-05,19.8,24.7,17.9,89.2,7.6,16.64,913.1,2.58
2017-02-06,21,25.6,18.3,85.7,6.2,17.38,913,2.13
2017-02-07,21.2,27,17,81.7,15,22.81,911.9,1.35
2017-02-08,21.2,27.9,16.6,78.5,0,21.92,911.3,0.97
2017-02-09,21.4,27.3,17.1,77,0,21.89,914.1,2.01
2017-02-10,21.3,26.3,18.5,82,2.4,20.43,916.4,3.05
2017-02-11,20.7,26.1,17,77.4,0.2,21.8,915.7,2.63
2017-02-12,19.7,24.5,15.8,81.3,0,15.19,914.5,2.36
2017-02-13,20.7,26.4,16.2,74.2,0,23.95,913.2,1.84
2017-02-14,20.7,27.6,15.2,76,0,23.59,911.4,0.62
2017-02-15,21.5,30.1,15.8,70.9,0,21.34,912.1,1.39
2017-02-16,21,27.2,16.9,74.3,0,18.77,914,1.4
2017-02-17,21,28,16,77.6,0,18.81,913.3,0.92
2017-02-18,22.5,30,18,75.6,0,20.94,911.6,1.21
2017-02-19,22.6,30.1,17.9,71.2,0,22.15,911.8,1.07
2017-02-20,22,29,17.1,69.9,0,20.45,912.5,0.93
2017-02-21,22.1,29.3,17.3,72.4,0,22.43,912.1,1.33
2017-02-22,20.2,24.9,16,75.4,0,14.63,911.3,1.55
2017-02-23,20.1,27.5,13.8,63.9,0,22.59,909.4,1.31
2017-02-24,22.3,30.5,16.9,68.8,0,22.05,909.1,1.81
2017-02-25,22.8,30.2,17.7,72.5,0,24.2,910.8,1.1
2017-02-26,21.1,28.5,15.9,72.5,0,24.78,912.9,1.97
2017-02-27,20.8,28,15.8,79.1,0,21.57,913.8,1.77
2017-02-28,22.1,28.6,16.6,69,0,25.1,913.9,1.7
2017-03-01,22.1,28.4,17.7,76.7,0,20.58,913,1.69
2017-03-02,22.1,28.6,18.4,75.4,0,23.73,913.4,2.56
2017-03-03,19.7,23.8,17.9,86.9,7,18.55,915.3,3.51
2017-03-04,20.7,25.7,15.7,75.1,5.6,25.18,915.2,3.44
2017-03-05,21.2,26.9,18,75.1,0,24.11,913.7,3.1
2017-03-06,21.6,26.9,17.4,75.7,3.2,23.58,913.1,2.53
2017-03-07,21.9,27.8,17.4,76,6,24.22,913.4,2.04
2017-03-08,21.5,26.8,17.5,79.1,0.2,20.98,914.8,2.57
2017-03-09,21.2,26.3,18.3,79.9,0,19.32,914,2.99
2017-03-10,20.3,25.2,18.2,87.5,3.8,14.36,913.1,2.45
2017-03-11,21.5,27.3,17.9,81.2,18.8,17.33,913.1,1.83
2017-03-12,22,28.2,18.5,80.3,0.4,19.42,912.4,1.3
2017-03-13,22.1,28.5,18.9,81.8,0,18.74,911.9,1.24
2017-03-14,21.3,25.8,17.9,75.6,0,18.36,914.7,2.43
2017-03-15,19.1,24,17.3,88,0,11.17,915.7,3.23
2017-03-16,18.9,22.5,16.6,79.6,48,16.2,916.9,3.69
2017-03-17,18.1,21.4,16.9,84.4,0.2,16.57,916.5,3.39
2017-03-18,17.7,18.9,16.9,91.4,2.6,12.59,916.6,3.58
2017-03-19,18.6,23,14.1,77.8,14.8,21.48,916.8,3.69
2017-03-20,18.4,22.3,13.9,83.9,0.4,18.05,916.5,3.05
2017-03-21,18.1,25.1,12.4,70.3,0,25.77,915.3,2.39
2017-03-22,18.4,25.5,12.6,69.2,0,26.02,914.5,2.55
2017-03-23,19.6,25.3,14.7,74.8,0,24.49,915.2,2.74
2017-03-24,20.2,27,15.2,69.6,0,27.24,914.6,2.06
2017-03-25,20.8,27.6,16.2,76.7,0,25.35,913.1,1.52
2017-03-26,20.4,27.1,15.8,74,0,26.56,912.4,1.12
2017-03-27,21,28.7,14.7,74.6,0,24.57,911.1,0.77
2017-03-28,22.2,29.3,16.3,76.7,0,19.54,910.8,0.67
2017-03-29,23.2,30.7,18,74.2,0,20.4,909.9,0.83
2017-03-30,24.6,32.2,19.1,73.2,0,21.55,909.8,1.34
2017-03-31,24.3,30.8,20,76.6,0,21.32,910.7,1.24
2017-04-01,25,32.9,19.8,72.3,0,22.62,910.9,1.07
2017-04-02,24.8,32.8,18.9,67.8,0,26.33,910.5,1.41
2017-04-03,25.4,33.2,19.7,67.7,0,25.32,909.2,1.31
2017-04-04,25.5,33.3,20.9,73,0,19.8,909,0.76
2017-04-05,25.3,33,19.7,64.9,0,25.08,910,1.11
2017-04-06,24.1,30.8,19.3,67.5,0,25.42,912.3,2.32
2017-04-07,22.3,28.3,17.8,73.5,0,24.06,913.5,2.84
2017-04-08,22.5,28.3,18.5,75.3,0,24.01,913,2.56
2017-04-09,22.4,28.4,18.2,76.2,0,21.96,912.2,1.84
2017-04-10,22.7,28.3,19.7,75,0,24.26,912.2,2.33
2017-04-11,21.7,28.2,17.1,75.1,0,21.3,912.3,2.31
2017-04-12,20.8,26.3,17.5,77.8,0,16.95,912.5,2.66
2017-04-13,21,26.5,16.9,73,1.6,22.2,912.6,2.64
2017-04-14,21.4,28,17.1,72.7,0,22.65,912.6,2.74
2017-04-15,21.4,27.2,17.1,74.9,0,22.33,912.8,2.47
2017-04-16,21.7,28.6,16.9,73.1,0,24.58,912.6,2.07
2017-04-17,22.2,29.1,17.1,77.6,0,23.15,911.8,1.29
2017-04-18,22.2,28.9,17.8,83.9,2.8,21.73,911.6,0.83
2017-04-19,22.2,29.8,18.1,79.6,11.2,24.1,912.3,1.86
2017-04-20,22,28.2,18.3,81.4,0,19.63,911.9,1.09
2017-04-21,22.7,29.4,17.7,72.9,1.2,25.35,910.2,0.45
2017-04-22,23.9,30.3,18.8,64.6,0,25.95,909.2,1.03
2017-04-23,23.8,29.4,19.4,71.4,0,19.27,910.2,1.27
2017-04-24,21.9,26.3,18.8,80.6,0,16.68,911,1.7
2017-04-25,23.2,31.5,18.1,78.1,0,21.36,910.2,1.1
2017-04-26,26.3,35,19.8,65.6,3,24.79,908,2.14
2017-04-27,26.7,35.2,20.3,61,0,26.95,908,1.87
2017-04-28,26.6,34.8,21.5,66.8,0,21.28,909.7,1.35
2017-04-29,26.9,33.9,21.3,67.3,2,19.05,910,1.2
2017-04-30,27.2,34.4,22.1,62.1,0,25,910.2,1.16
2017-05-01,25.4,31,22.4,72.2,0,20.14,911,1.21
2017-05-02,24.5,30.4,20.6,75.6,0,19.31,911.2,1.27
2017-05-03,24.4,30.2,20.1,76.1,0,20.54,910.8,1
2017-05-04,25.1,31.8,20.3,73.7,0,20.41,910,0.83
2017-05-05,22,26.5,19.2,82.6,7.8,19.17,910.4,1.27
2017-05-06,21.3,25.4,18.9,78.1,0,18.35,912.2,1.71
2017-05-07,22,26.3,19,79.5,0,16.2,912,1.84
2017-05-08,22.8,27.8,20.4,79.9,0,16.77,911.6,2.32
2017-05-09,23.1,27.6,20.2,78.3,0.2,20.67,911.3,1.7
2017-05-10,23.9,29.6,20.8,78.7,0,17.92,911.2,1.03
2017-05-11,24.4,31.4,20.1,76.5,3.4,17.12,911.3,0.86
2017-05-12,25.2,32.2,20,73.5,0,17.97,910.6,0.63
2017-05-13,23.7,31.9,19,80.2,0,19.76,910.7,0.82
2017-05-14,23.4,30.1,18.6,80.6,23.4,19.64,911.8,0.78
2017-05-15,24.3,31,19.8,78.8,13.2,19.67,911.3,0.57
2017-05-16,24,30.9,19,74.3,0,23.43,910.9,1.01
2017-05-17,24.3,32.1,18.5,75.3,0,22.02,909.8,0.59
2017-05-18,25.4,30.9,21.3,75.8,0,21.15,909.1,0.62
2017-05-19,25.3,32,20.8,75.9,0,22.47,908.4,0.77
2017-05-20,25,31.3,20.2,73.5,0,20.78,908.8,0.69
2017-05-21,24.2,30.3,19.9,77.2,0,15.86,911.4,1.28
2017-05-22,23.1,29.2,19.1,78.1,2.6,14.97,912.1,1.05
2017-05-23,24.7,31.2,19,75.3,5.4,24.55,910.4,1.21
2017-05-24,24.5,31.8,20.2,74.3,0,19.63,909.6,1.21
2017-05-25,24.2,31.1,19.1,81,17,17.795,910.8,0.79
2017-05-26,24,30.8,19.7,82.4,17.4,15.96,912.5,0.98
2017-05-27,23.7,29.3,19.8,83.1,36,19.73,912.6,0.85
2017-05-28,24.1,29.3,20.3,80.8,3.8,23.06,912.4,0.64
2017-05-29,23.9,30.1,19,72.4,0,24.94,912.6,0.67
2017-05-30,23.6,29.5,19,73.3,0,21.26,912.8,0.85
2017-05-31,24.4,31,20,75.2,0,16.45,911.7,0.89
2017-06-01,24.8,30.4,21.3,76.6,0,22.22,911.3,1.28
2017-06-02,24.9,29.9,20.9,75,0,17.6,910.4,1.21
2017-06-03,25.2,31.1,20.4,71.2,0,18.63,910.6,0.78
2017-06-04,24.9,31.8,20.6,72.4,0,19.14,909.9,0.92
2017-06-05,24.6,32.7,20.2,75.5,4.4,16.11,909.8,0.79
2017-06-06,25.2,32.8,20.8,72.6,0.2,20.26,910.2,1.15
2017-06-07,23.5,31,19,82.9,0,18.56,910.9,0.73
2017-06-08,23.7,29.9,18.1,77.7,76.6,23.46,911.2,0.94
2017-06-09,22.8,28.5,19.9,84.1,9.6,16.09,911,0.87
2017-06-10,23.8,30.2,20.1,82.5,0,21.11,911.6,1.37
2017-06-11,22.8,29,19,84.2,35.2,16.02,912.2,1.22
2017-06-12,24.4,30.2,20.4,76.8,2,16.91,910.8,0.91
2017-06-13,24.3,29.7,20.7,81.2,0,17.8,910.1,0.9
2017-06-14,23.9,29.4,20.2,78.1,0.2,18.4,911.4,1.34
2017-06-15,22.7,27.4,20.4,84.4,0.4,10.63,911.8,0.77
2017-06-16,21.6,26.4,19.3,90.6,34.1,11.29,910.4,0.77
2017-06-17,21.7,27,19.5,91.9,39.5,15.39,908.6,1.14
2017-06-18,22.6,27.8,20,87.8,30,15.02,907.2,1.7
2017-06-19,21.7,27.6,19.7,91,21.2,12.12,907.7,2.21
2017-06-20,21.6,24.4,19.8,91.7,63,9.03,909.1,0.93
2017-06-21,22.3,26.9,19.6,86.2,2,14.09,910.4,0.92
2017-06-22,22.4,27.4,19.2,86.4,34,15.62,911.2,1.08
2017-06-23,23.3,28.9,18.3,81.3,10.4,20.56,910.7,1.02
2017-06-24,24.6,30.4,20.9,80.4,0.6,19.03,911.8,1.03
2017-06-25,23,27.6,18.6,84.6,35.8,16.54,912.9,1.41
2017-06-26,23.1,27.2,19.7,85.4,5.4,19.67,912.4,1.3
2017-06-27,22.9,29.4,19.1,84.8,19.8,19.4,911.9,1.05
2017-06-28,23.3,28.5,19.7,83.4,3,22.73,911.8,1.05
2017-06-29,23.7,29.5,20,77.1,15.4,25.35,912.2,1.36
2017-06-30,23.4,29.2,18.6,72.7,0,25.15,912.4,1.46
2017-07-01,22.7,28.3,20,87.3,0,17.71,912.9,1.86
2017-07-02,21.5,25.3,17.7,91.6,16.6,9.89,914,1.58
2017-07-03,22.3,27.7,18.7,82.1,27,24.83,913.8,1.94
2017-07-04,21.7,27.7,18.7,87.2,18.8,18.14,913.1,1.53
2017-07-05,21.3,27.1,18.1,86.8,4.8,15.4,912.9,1.06
2017-07-06,21.5,27.1,18,84.9,23,22.23,913.3,1.5
2017-07-07,22.5,28.2,18.8,83.5,15,18.58,913.1,1.2
2017-07-08,22.7,28.8,18.8,83,5.6,20.33,913.2,1.51
2017-07-09,23.4,28.6,19.6,80.5,15.2,23.85,913.4,1.58
2017-07-10,23.7,29.1,19.8,78.2,0,23.92,912.9,1.59
2017-07-11,21.9,28,18.5,87.5,1,17.81,912.4,1.67
2017-07-12,21,27.1,18,89.7,44,20.53,913.1,1.69
2017-07-13,20,24.1,16.5,87.7,61,7.48,914.1,0.97
2017-07-14,21.7,27.9,17.2,82.4,17.8,18.84,914.7,1.25
2017-07-15,22.1,27.4,19,86.9,9.4,24.21,914.2,1.58
2017-07-16,22.6,27.7,19.7,86.4,38,20.62,913.1,1.27
2017-07-17,22.9,28.4,19.5,83.7,1,19.23,912.4,1.39
2017-07-18,23.2,27.6,19.7,80.3,9.6,18.66,913.4,1.57
2017-07-19,23.3,28.6,19.3,80.3,0.8,23.5,914.3,1.75
2017-07-20,22.5,27.5,19.9,86.2,8,19.22,913.8,1.95
2017-07-21,22,25.4,19.6,87.8,1.6,13.3,913.2,1.58
2017-07-22,23.3,27.7,20.3,79.7,7.6,24.52,913.1,1.56
2017-07-23,23.1,27.5,19.6,82.9,0,19.91,912.1,1.23
2017-07-24,23.7,28.5,20.2,82.7,0.2,18.75,912.4,1.43
2017-07-25,23.8,28.4,21.1,83.4,0.2,19.75,913.4,1.67
2017-07-26,23,27.9,19.8,84.8,36,22.14,913.3,2.11
2017-07-27,21.8,27.1,18.5,85.4,4.6,22.6,912.5,1.8
2017-07-28,22.4,28.6,17.8,84.3,19.6,23.85,912.5,1.67
2017-07-29,22.2,29.1,17.6,84.5,97.6,23.32,912.7,1.02
2017-07-30,22.1,28.9,18.1,86,55.4,23.51,912.9,1.18
2017-07-31,22.7,29.1,18.2,84.4,31.6,23.64,913.1,1.26
2017-08-01,22.5,29.1,18.1,83.8,13.4,20.68,912.9,1.26
2017-08-02,22.7,29.6,18.6,82.9,17.6,22.46,913.3,1.23
2017-08-03,23.1,28,18.1,79,12,25.41,914.2,1.35
2017-08-04,23.5,28.1,20.9,85.3,2.1,20.43,913.7,1.59
2017-08-05,22.9,27.5,19.7,88.5,21.3,18.54,912.5,1.57
2017-08-06,23.2,27.9,19.6,82.7,4.2,19.37,911.5,1.4
2017-08-07,22.3,26.7,19.3,86.5,0.6,12.8,910.5,0.58
2017-08-08,22.3,28.8,19.3,87.9,7.4,19.96,910.4,1.14
2017-08-09,23.2,29.6,19,82.3,32.6,20.44,912,1.08
2017-08-10,22.3,30.2,18.9,81.9,1.6,23.43,914,1.2
2017-08-11,22.1,27.6,18.6,84.3,8.2,17.6,914,1.1
2017-08-12,22.6,26.9,19.7,85.3,15.4,20.4,913,1.7
2017-08-13,22.3,27.9,19.3,84.9,3,19.89,912.5,1.42
2017-08-14,23.5,29,19.4,80.4,6,20,911.9,1.11
2017-08-15,23.2,28.3,19.4,83.3,0,24.64,912.2,1.48
2017-08-16,22.8,28.1,18.9,86,40.6,20.66,912.7,1.54
2017-08-17,22.2,28.4,17.7,86.4,64.4,24.45,912.9,1.44
2017-08-18,22.9,28.5,18.3,80.4,55,26.65,912.8,1.87
2017-08-19,22.7,27.4,20,84.1,3.6,21.77,912.1,1.78
2017-08-20,22.6,27.8,20,84.6,2.2,18.83,911.5,1.66
2017-08-21,21.3,24.4,18.3,92.4,61.8,14.77,911.9,1.08
2017-08-22,22.9,28.6,18,80.5,1.6,22.51,912,0.84
2017-08-23,23,28.5,19.5,85.3,0.2,18.23,911,0.84
2017-08-24,23.2,29.4,18.3,81.4,4.6,22.23,909.3,0.84
2017-08-25,23.5,29.5,20.3,83.1,0,13.57,910.7,1.66
2017-08-26,22.7,29.8,18.1,82.5,0.8,21,912.3,1.05
2017-08-27,23.7,30.6,18.7,76.4,23.6,26.22,911.2,1.28
2017-08-28,24.1,30.2,19.2,74.3,0,26.33,911,0.96
2017-08-29,23.7,30.8,17.6,75.5,0,24.27,911.7,0.91
2017-08-30,22.5,29.5,17.7,82.2,9,20.56,912.1,1.11
2017-08-31,22.2,28.5,18.5,86,47.8,21.32,912.4,1.17
2017-09-01,22.7,28.3,18.7,82.4,22.6,24.18,912.6,1
2017-09-02,23.5,29,18.8,81.7,12,23.24,913.5,1.17
2017-09-03,21.6,25.4,19.8,89.2,3.8,16.59,913.5,1.51
2017-09-04,23.6,28.7,19.4,80,9.2,23.3,912.4,1.17
2017-09-05,23.6,29.9,18.5,79.7,0,23.73,911.8,0.83
2017-09-06,23.5,29.7,17.4,76.6,8.8,23.15,911.1,0.61
2017-09-07,24.1,30,19.7,77.7,0,23.75,911,0.76
2017-09-08,23.4,28.6,20.4,83.5,5.6,21.72,910.5,0.88
2017-09-09,23,28.8,18.6,80.3,0,22.61,909.6,0.88
2017-09-10,23.6,28.3,19.8,79.9,0,22.01,909.5,0.75
2017-09-11,22.3,29.1,18.2,86.1,34.8,18.04,910.5,1.03
2017-09-12,22.4,28.4,18.8,86.7,31.4,20.51,911.3,0.73
2017-09-13,22.4,28.2,18.4,86.5,47.2,21.25,911.9,0.77
2017-09-14,24.6,30.6,20,80.6,0,23.37,912.2,1.1
2017-09-15,25.2,31.9,21,79.4,0,21.25,911.6,1
2017-09-16,24.3,29.4,21,82.2,0,20.16,911.4,1.21
2017-09-17,23.5,29.1,20.5,85.1,0.6,20.92,911,1.26
2017-09-18,22.5,28.4,19.5,85.7,16.8,19.97,911.1,0.68
2017-09-19,22.9,29.1,19.9,85,0,13.16,911.7,0.87
2017-09-20,23.6,28.8,19.5,81.8,5.2,18.85,911.4,1.11
2017-09-21,23.5,29.8,19.5,80.1,0,22.32,910.3,1.14
2017-09-22,22.9,28.6,19.4,86.3,59.8,17.34,909.5,1.13
2017-09-23,22.6,27.8,19.6,87.9,11.8,15.93,909,0.89
2017-09-24,21.6,26.3,19.7,94.3,85.6,18.86,909,1.56
2017-09-25,23.4,29,19,82.5,58.4,13.46,909.4,1.73
2017-09-26,24,29.4,19.7,77.7,0.2,18.89,908.6,1.5
2017-09-27,22.9,29.9,18.7,81.3,8.2,18.92,908.8,1.52
2017-09-28,22.8,29.3,19.1,82.8,2.2,17.12,909,0.97
2017-09-29,22.5,28.2,19.3,86.8,13,13.73,909,0.75
2017-09-30,22.1,25.5,19.5,89.1,17,15.13,909.3,0.82
2017-10-01,22.2,27.4,19.9,91.7,21,13.93,907.8,0.97
2017-10-02,23.1,28.4,19.6,87,18.8,14.66,908,0.83
2017-10-03,23.2,28.5,19,84.9,0.8,19.31,909.5,0.77
2017-10-04,22.2,29.1,19.1,88.9,34,20.58,909,1.43
2017-10-05,21.3,26.3,19.4,89,30.8,13.62,906.6,2.01
2017-10-06,21.2,25.3,19,87.8,18,9.06,907.7,0.87
2017-10-07,21.7,25.9,18.4,86.9,0.2,13.36,910.2,1.4
2017-10-08,23.6,30.8,19,81.9,0.6,19.62,910.9,1.56
2017-10-09,24.4,31.2,20.5,79.8,0,18.56,909.9,0.85
2017-10-10,22.6,29.1,18,82.9,26.9,18.43,910.1,0.8
2017-10-11,21.1,26.2,17.3,89.2,91.6,13.93,910.7,1.25
2017-10-12,21.8,27.6,18.8,86.5,5.8,20.16,910.7,1.41
2017-10-13,21,25,19,89.3,7.8,14.13,911.1,1.6
2017-10-14,22,26,18.4,84.8,4.6,12.89,911.7,1.62
2017-10-15,23.1,27.9,20.1,82.2,0.4,21.59,912.2,1.67
2017-10-16,22.6,26.9,20.3,85.7,4.2,17.37,912.1,2.04
2017-10-17,23,28.2,20.5,84.5,9.4,17.92,912,1.86
2017-10-18,22.1,27.2,20.6,87.8,6.6,16.15,912.1,1.82
2017-10-19,22.5,27.1,20.4,86.9,1.2,17.84,911.6,1.89
2017-10-20,22.2,26.4,20.3,88.4,11.4,18.6,911.1,1.83
2017-10-21,21.9,26.9,19.8,88.1,2,17.02,910.8,1.57
2017-10-22,21.4,27,19.1,91.2,3.8,15.05,910.5,0.81
2017-10-23,21.9,27.6,18.9,89.1,61,15.13,910.7,1.36
2017-10-24,21.2,26.7,19.8,91.3,4.8,9.61,909.9,1.46
2017-10-25,19.5,20.5,18.3,92.4,58,9.02,910.7,3.68
2017-10-26,17.9,21.2,16.5,84.2,70.2,10.89,911.4,3.28
2017-10-27,18.9,22,16.4,87.2,0.2,10.67,909.6,1.14
2017-10-28,19.4,22.4,17.2,91.1,0.2,4.22,910,1.23
2017-10-29,20.1,24.8,16.3,78.3,12.2,16.43,912.8,1.65
2017-10-30,19.7,24.8,16.1,85.8,0,22.29,913.3,1.72
2017-10-31,20.2,25.3,18.5,89.2,5,14.16,913,1.84
2017-11-01,21.2,27,17.8,84,1.2,20.03,912.6,1.72
2017-11-02,21.8,26.9,18.4,85.2,0,19.87,913.1,1.75
2017-11-03,21.7,25.1,20,86.2,1,14.18,913.2,2.1
2017-11-04,20.5,24.7,17.4,87.1,2.6,13.27,912.5,2.27
2017-11-05,19,20.8,17.6,90,0.8,12.9,913,2.05
2017-11-06,20,24,17.6,87.7,12.4,10.67,913.2,2
2017-11-07,19.9,24.2,17.6,89.4,16.8,12.09,912,2.41
2017-11-08,19.1,23.2,14.5,89.1,9,11.46,911.6,2.33
2017-11-09,18.9,24.5,13.9,84.3,9.8,17.17,912.1,2.29
2017-11-10,20.4,24.6,18.2,80.6,0.4,12.19,911.6,2.92
2017-11-11,20.1,21.3,18.2,86.7,1.2,9.74,910.8,2.72
2017-11-12,21.6,26.4,19.4,82.9,4.8,13.85,910.4,2.53
2017-11-13,21.5,25.7,19.2,79.3,0.8,14.38,910.8,2.37
2017-11-14,21.2,24.4,19.7,77,0.2,12.41,911.3,2.52
2017-11-15,21.3,25.5,19,80.8,0,16.79,911.7,2.18
2017-11-16,19.5,23.9,17.1,86.9,8.4,12.08,912.9,2.1
2017-11-17,18,21.8,15.3,89.6,0.4,15.62,913.2,2.11
2017-11-18,18.8,25.1,14.2,81.3,1,21.71,911.9,1.71
2017-11-19,19.1,24.7,14.7,81.9,0,16.79,912.1,1.57
2017-11-20,18.7,22.6,16.5,88,0,15.35,912.9,2.21
2017-11-21,19.3,25.1,14.5,82.8,0.6,20.41,911.7,1.29
2017-11-22,21.2,27.7,16,81.8,0,20.99,911.5,1
2017-11-23,20.1,23.6,17.7,73.7,1.8,8.55,913.1,2.08
2017-11-24,18.7,22.7,15.9,77.2,0,15.4,913.3,2.11
2017-11-25,19.4,25.3,14,77.2,0,20.08,913.2,1.42
2017-11-26,20.2,26.2,17.8,81.7,0,17.81,913,2.3
2017-11-27,17.9,20.9,15,85.8,3.2,12.3,913,2.87
2017-11-28,18.6,23.1,15,79.7,0.2,18.86,913.3,1.88
2017-11-29,18.9,23,16.6,81.2,0,13.47,913.9,2.2
2017-11-30,19.3,23.8,16.9,79.2,0.6,10.98,913.4,2.57
2017-12-01,18.9,22,16.7,86.6,1.6,12.14,913.2,2.62
2017-12-02,19.3,23.2,17.5,90.1,2,12.29,913,2.52
2017-12-03,18.9,23.7,17.1,90.2,5.6,14.29,912.2,2.47
2017-12-04,19.5,23.7,17.6,89.3,9.2,14.75,912.3,1.93
2017-12-05,21.1,26.3,18.2,84.2,2,19.88,912.9,1.87
2017-12-06,20.7,25.2,17.9,87.6,0.6,13.36,912.7,2.01
2017-12-07,20.4,25.3,17.9,90.7,0.2,12.56,912,1.63
2017-12-08,20.8,25.9,16.9,88.1,34,18.73,910.7,0.84
2017-12-09,19,22.6,15.3,79.3,0.2,10.53,915.4,4.04
2017-12-10,14.3,17.3,11.6,80.7,3.2,13.45,918.7,4.69
2017-12-11,14.8,17.9,12.1,78.5,0.2,10.81,917.5,3.51
2017-12-12,15.1,18.7,13.3,85.2,0.6,13.9,916.1,2.61
2017-12-13,15.6,20,13.1,87.7,0.4,12.25,915.4,2.54
2017-12-14,18,24.6,13,80,0,20.33,913.1,1.24
2017-12-15,20.2,26.5,15,82.7,0,19.57,912.7,1.33
2017-12-16,20.7,23.4,18.4,88.7,0,7.86,913.3,1.88
2017-12-17,20.3,24.9,17.5,87.5,6.6,14.62,914.1,1.94
2017-12-18,20.8,24.8,18.7,88.9,0,11.53,914.4,2.21
2017-12-19,20,24,17.3,89.7,4.8,13.56,914.5,2.04
2017-12-20,20.8,25.8,16.4,81.4,0.6,19.28,914,1.84
2017-12-21,21.1,26.3,17.2,81.7,0,20.43,913.7,1.77
2017-12-22,20.5,25.6,17.1,85.1,0.2,15.59,913.5,1.73
2017-12-23,21.2,25.6,18.6,83.2,0.8,19.54,914.3,1.95
2017-12-24,20.6,24.4,18.4,81.5,0,16.55,915.1,2.41
2017-12-25,18.5,23.1,17.1,87.4,0,11.56,915.8,2.78
2017-12-26,18.9,23.5,16.9,87.6,2.4,11.02,915.4,2.34
2017-12-27,19.3,23.3,16.7,85.2,0.6,17.03,915.6,2.44
2017-12-28,18.2,21.7,16.4,89.1,4.2,11.63,915.4,2.62
2017-12-29,18.6,23.5,16.8,87.1,0.4,12.76,915.3,2.38
2017-12-30,18.6,23.1,16.4,89.1,4,13.07,915.3,2.1
2017-12-31,19.9,25.2,16.2,82.7,0.6,20.14,915.4,2.07
2018-01-01,19.7,23.6,17,84.3,0,14.77,915.6,2.21
2018-01-02,18.8,24.9,15.9,85.1,6.6,14.02,914.8,2.35
2018-01-03,16.5,18.6,14.2,93.2,11,11.58,914.7,2.9
2018-01-04,16.2,18.9,15,91.1,19,11.54,916.1,3.22
2018-01-05,16.1,19.3,15,90.8,9,11.34,917.4,3.1
2018-01-06,15.8,19.1,13.3,86.1,6.6,14.77,916.9,3.12
2018-01-07,16.1,19.6,13.6,89.3,0.8,13.51,915.5,2.76
2018-01-08,18.1,24.6,12.8,84.4,2,20.74,913.6,1.38
2018-01-09,18.5,23.4,15.6,82.3,0,15.94,913.6,2.26
2018-01-10,18.8,23.6,14.9,82.1,0.2,20.12,912.6,1.38
2018-01-11,20.4,27.9,16.4,81.7,0,21.12,911.3,1.57
2018-01-12,19.9,25,15.8,83.1,0,20.14,913.7,2.07
2018-01-13,15.8,18.2,14.4,81.5,0.2,11.13,917.2,3.43
2018-01-14,15,17.3,14,74.3,0.4,12.57,918.3,4.23
2018-01-15,14.3,15.7,13.1,76.5,0,12.42,916.6,3.89
2018-01-16,14.7,17.3,12.9,85.6,0,10.87,916.5,2.88
2018-01-17,16.1,17.2,14.9,74.1,0,8.72,917.4,3.54
2018-01-18,16.9,19.6,15.7,80.3,0,12.79,916.3,3.21
2018-01-19,16.5,17.2,16,93.7,4.8,11.79,915.1,2.83
2018-01-20,18.2,22.4,16.3,91.6,6,15.64,913.5,2.18
2018-01-21,20,25.9,16.9,89.5,3.2,17.47,912,1.65
2018-01-22,21.1,26.8,18.1,84.4,1.2,18.99,911.3,1.62
2018-01-23,20.6,25.5,18.6,86.3,0,16.69,911.9,2.09
2018-01-24,20.2,25.3,17,86.3,19,18.65,913.3,2.27
2018-01-25,18.9,22.3,17.1,90,1.6,14.04,913.8,2.79
2018-01-26,19.1,22,17.4,88.8,0.8,12.55,913.4,2.48
2018-01-27,19.7,24.3,17.4,88.2,0.6,18.21,911.7,1.77
2018-01-28,20.3,25.8,17,86.7,0.4,18.75,911.1,1.94
2018-01-29,20.4,25.1,18.4,86.7,4.4,17.41,911.6,2.84
2018-01-30,18.8,20.1,18.1,92.6,1.2,10.6,912.4,3.88
2018-01-31,17.2,18.5,16.2,91.6,72.2,12.5,913.1,3.19
2018-02-01,18.7,24.1,16.4,91.1,5.8,18.55,913.5,2.24
2018-02-02,20.3,25.1,17.5,84,0.4,20.67,914.7,2.44
2018-02-03,20,25,18.2,85.8,2.4,15.33,913.9,2.7
2018-02-04,20.6,25.8,16.6,83.6,0.4,21.44,912.9,1.84
2018-02-05,20.3,25.5,17.5,85.3,0,22.37,913.3,2.01
2018-02-06,20.4,26,15.3,79.2,3,21.91,914,2.08
2018-02-07,20.4,24.3,17.7,88.6,0.8,12.98,913.8,1.68
2018-02-08,20.2,25.9,16.5,85.4,17,19.21,914,2.37
2018-02-09,20,24.7,16,84,2.8,20.45,913.2,2.03
2018-02-10,21.1,26.8,17.6,83.1,34.2,18.83,912.7,1.53
2018-02-11,21.5,28,16.5,78.4,0,21.51,912.3,1.22
2018-02-12,20.5,25.9,16.5,84.8,0,17.98,914.5,2.13
2018-02-13,20.5,25.9,16.7,82.9,1.6,18.59,916.3,2.66
2018-02-14,20.3,25.1,16.7,82.3,8.2,20.21,916.6,3.03
2018-02-15,20.5,25.9,15.7,77.1,1.4,22.84,916,2.58
2018-02-16,20.3,26.6,15.5,78.1,0,21.86,914.8,2.35
2018-02-17,20.1,25.3,15.2,79.9,0,21.88,915.1,1.8
2018-02-18,20.5,26.6,17.4,82.1,0,19.71,913.9,2.01
2018-02-19,19.8,25.1,14.7,81.4,24.6,23.2,913.4,1.72
2018-02-20,20.9,27.8,15.9,76.6,0,23.54,913.8,1.51
2018-02-21,20.8,25.9,16.4,74.6,0,24.42,914.9,1.73
2018-02-22,20.9,26.9,16.6,75.5,0,22.75,915.4,1.69
2018-02-23,20,25.8,16.5,83.8,0,18.14,915.3,1.96
2018-02-24,20.2,26.9,14.8,76.4,7.4,24.77,913.7,1.5
2018-02-25,20.5,27.5,15.7,76.5,0.2,21.2,913.6,1.24
2018-02-26,21.2,28.5,15.7,76,0,24.93,914,1.48
2018-02-27,20.9,25.9,16.7,78.5,0,21.2,914.6,2.07
2018-02-28,20.8,26.9,17.6,77,0,24.27,913.3,1.65
2018-03-01,21.4,29.4,15.6,74.1,0.4,24.72,912.1,0.98
2018-03-02,21.5,28.3,16.6,76.1,0,20.4,913.4,2
2018-03-03,21,26,16.8,76.4,0,23.16,913.9,2.41
2018-03-04,19,24.5,13.7,78.6,0,21.13,913.2,2.63
2018-03-05,19.8,26.2,13.9,75.3,0,25.25,911.9,2.11
2018-03-06,19.2,26.6,14.3,75.6,0,25.63,911.2,1.49
2018-03-07,19.4,26,14,74.5,0,25.73,912.5,2.05
2018-03-08,20.2,26.1,15.4,76.5,0,24.99,913.3,2.67
2018-03-09,21.3,28.1,17,76.2,0,25.97,912.2,1.89
2018-03-10,22.5,30.8,16,72.9,0,25.7,910.2,1.07
2018-03-11,23.2,31.3,17.7,75.8,0,24.19,909.6,1.01
2018-03-12,22.9,29.6,17.4,77.1,0,25.4,911.2,1.92
2018-03-13,22.4,28.6,18.2,76.9,0,23.33,912.5,2.19
2018-03-14,19.8,23.1,18.1,91.1,0,15.16,913.8,2.49
2018-03-15,19.6,24.3,17.5,90.5,36,18.565,913.9,2.8
2018-03-16,21.8,27.7,18.8,86.9,13.4,21.97,912.6,1.53
2018-03-17,22.6,28.8,18.1,79.9,0,20.21,912,1.16
2018-03-18,22.6,30,18.4,77,0,24.58,910.6,0.89
2018-03-19,22.9,30.7,17.2,70.8,0,25.65,908.6,0.91
2018-03-20,23,30.3,17.6,71.9,0,23.57,908.9,1.26
2018-03-21,22.2,28.2,17.6,76,0,24.96,912.1,2.16
2018-03-22,22,27.3,18.9,76.3,0.4,25.43,915.3,3.31
2018-03-23,20.6,25,18.4,81.8,0.2,20.39,915.3,3.3
2018-03-24,20.7,25.6,18,78.6,0.6,25.33,913.5,2.25
2018-03-25,21.3,28.3,15.9,76.2,0,26.63,911.8,1.6
2018-03-26,22.8,28.6,18.7,75.3,0,25.24,912.1,1.89
2018-03-27,22.8,29.2,18.8,79.6,2.6,23.88,912,2.08
2018-03-28,22.8,29.3,18.9,77.5,1,26.67,910.9,1.64
2018-03-29,23.1,31.8,16.9,71.3,0,26.31,910.3,1.03
2018-03-30,23.1,30.5,18.1,70.6,0,24.07,911.9,1.54
2018-03-31,21.3,27.6,17.5,75.1,0,24.45,913.2,2.52
2018-04-01,20.5,26.8,15.3,72.6,0,25.9,912.4,2.4
2018-04-02,20.3,27.7,15.2,76,0,24.43,911.1,1.25
2018-04-03,22,29.7,16.3,76.3,0,19.36,910.1,0.75
2018-04-04,23.7,31.3,18.7,70.6,0,22.47,910.8,1.22
2018-04-05,22.2,28.8,17.7,73.5,0,18.71,912.4,1.63
2018-04-06,21.9,29.2,17.5,75.9,0,23.39,911.6,0.92
2018-04-07,23.7,31.5,17.7,70.4,0,21.55,910.2,1.89
2018-04-08,24.4,32.8,19.2,66.3,0,23.68,909.9,0.86
2018-04-09,23.3,31.6,18.4,73,0,20.82,910.9,0.61
2018-04-10,23,30.5,18,81.1,7.6,19.44,912.4,0.94
2018-04-11,22.5,28.2,18.5,83.3,29.2,18.55,913.2,1.46
2018-04-12,22.1,27.6,18.9,83.3,41.4,20.33,913.1,1.81
2018-04-13,22.8,29.7,18.2,78.2,0,21.3,911.5,0.88
2018-04-14,24.3,31.6,18.9,73.1,0,21.49,910.5,1.26
2018-04-15,23.4,27.2,20.1,72.4,0,14.78,913.3,1.84
2018-04-16,17.8,20.2,16,79.1,0.4,12.4,915.6,3.68
2018-04-17,18.5,22.2,16.4,81.8,0,20.94,914.4,2.93
2018-04-18,21.9,28.6,17.2,76.6,0,24.49,912.6,1.78
2018-04-19,22.3,28.1,17.5,79.7,0,22.45,913.2,2.37
2018-04-20,22.3,27.9,19.8,80.7,1.2,22.86,913.3,2.65
2018-04-21,22.9,29.3,19.2,80.6,3,21.11,911.9,1.73
2018-04-22,23.3,30.7,18.7,74.5,0,24.3,911.6,1.24
2018-04-23,23.6,30.5,18.3,75.6,0,23.58,912.2,1.87
2018-04-24,23.7,30.1,19.7,76.6,0,22.29,912.7,1.67
2018-04-25,23,28.9,18.6,78.7,0,22.9,912.2,1.67
2018-04-26,23.4,30.1,18.7,78,0,22.98,911.1,0.63
2018-04-27,23.3,28.6,19.8,76.9,0,19.7,910.9,0.7
2018-04-28,22.5,28.2,18.4,77.2,0,21.72,912.1,1.7
2018-04-29,23.6,29.4,18.6,73.6,0,23.81,913.4,2.02
2018-04-30,21.9,28.4,18.9,90.3,108.2,18.27,913.5,1.81
2018-05-01,23.5,29.8,19.1,79.6,7.4,23.94,913,1.63
2018-05-02,23.6,28.9,20.2,78,0.6,22.36,913.1,2.02
2018-05-03,23.5,28.5,20.7,78.9,0,21.17,912.6,2.03
2018-05-04,23.2,29.2,18.2,75.8,0,21.51,911.6,1.95
2018-05-05,22,28.7,16.9,75.2,0,24.41,911.7,2
2018-05-06,21.6,29,16.4,70.7,0,22.83,913.5,1.94
2018-05-07,20.6,25.4,17.8,81.2,0,14.63,914.3,1.7
2018-05-08,21.1,25.3,17.8,79.8,0,14.7,913.8,1.94
2018-05-09,21.3,27.6,16.9,75.9,0,13.72,912.9,1.27
2018-05-10,22,29.1,17.2,72.7,0,18.08,912.7,1.12
2018-05-11,23,28.9,17.5,74.9,0,22.78,912.6,1.24
2018-05-12,22.9,30,19.4,83.6,0,22.7,912.2,0.95
2018-05-13,23,30,18.5,83.7,16.4,19.72,910.9,0.97
2018-05-14,24.2,31.3,19.6,77.9,0.8,21.19,910.4,0.77
2018-05-15,23.6,29.7,19.5,76.7,0,22.64,910.3,0.83
2018-05-16,23.6,30.2,18.7,73.7,0,23.31,910.4,1.13
2018-05-17,23.7,30.4,18.5,70.7,0,21.65,910,0.91
2018-05-18,23.8,30,18.9,74.1,0,18.26,909.5,0.91
2018-05-19,23.8,30.6,19.4,77.1,0,18.33,909.8,0.59
2018-05-20,24,30.5,19.6,77.8,0,23.22,910.2,1.12
2018-05-21,23.5,30.7,18.6,76.3,0,22.44,909.8,1.33
2018-05-22,23.4,30.5,18,71.9,0,22.97,909.5,0.88
2018-05-23,23.9,30.3,20,77.4,0,17.15,910.8,0.83
2018-05-24,23.5,30.6,19.3,81.8,1.4,19.81,911.2,0.76
2018-05-25,22.7,27.8,19.8,83.8,6.3,17.87,909.8,0.99
2018-05-26,23.3,28.9,20.2,80.7,5.5,18.36,909,1.01
2018-05-27,23.3,28.9,20.6,84,0.4,17.81,909.3,1.34
2018-05-28,23.2,29.3,20.3,86.8,26.6,17.41,909.5,1.23
2018-05-29,23.2,31,19.6,85.2,0.6,19.69,909.8,1.39
2018-05-30,24.2,31.8,18.8,77.6,23.2,21.4,909.7,1.29
2018-05-31,22.4,29.3,19.1,84.6,0,17.58,909.6,1.13
2018-06-01,22,26,19.5,88.3,9.8,13.58,910.4,1.17
2018-06-02,22.7,28.7,18.8,80.2,0.6,22.74,911.1,1.19
2018-06-03,22.2,27.2,18.8,85.4,1,18.72,913.1,1.07
2018-06-04,22.9,29,19.8,86,27,20.02,913.4,1.54
2018-06-05,22.7,28.6,19,86.9,11.4,18.3,911.8,1.31
2018-06-06,23.1,29,18.4,83.3,13.2,22.78,910.6,1.11
2018-06-07,22.5,28.4,18.4,85.5,0,16.18,911.3,1.24
2018-06-08,21.3,27.1,18.5,89,22.2,17.03,912.5,1.24
2018-06-09,21,25.4,18.4,84.1,29.6,20.05,913.2,1.49
2018-06-10,22.1,27.6,18.1,82.4,0.2,21.02,912.4,1.27
2018-06-11,22.9,28.4,19.3,80.4,0,20.11,911.1,1.04
2018-06-12,22.5,28.2,18.7,83,0,11.57,910.9,0.72
2018-06-13,21.6,27.2,18.5,88.4,11.8,17.77,911.7,0.87
2018-06-14,22.2,28.1,18.6,87.7,39.8,17.63,911.8,0.8
2018-06-15,21.8,27.5,17.9,89.3,18.2,15.05,911.1,0.55
2018-06-16,22.7,28.5,18.6,86.1,17.4,17.26,911.1,1.41
2018-06-17,22.1,28.4,18.5,88.8,32.2,13.65,912.6,1.08
2018-06-18,23.4,29.3,18.9,85.5,40.8,24.22,913.1,0.99
2018-06-19,24.3,30,19.6,78.2,0,22.39,912.2,0.99
2018-06-20,23.1,30,18.9,79.8,0,21.06,911.6,1.24
2018-06-21,22.6,28,17.8,78.4,6.8,17.92,911.6,1.4
2018-06-22,22.5,28.9,17.9,82.1,9.4,23.52,912,0.85
2018-06-23,23.9,29.7,19.5,80.8,3,23.18,911.8,0.9
2018-06-24,23.9,29.1,18.8,75.5,0,22.35,911.8,1.12
2018-06-25,23.3,29.4,18.4,78.4,0,23.01,912.3,1.3
2018-06-26,21.7,28.1,18.1,85.8,47.8,19.08,912.7,1.37
2018-06-27,22,27.4,18.3,85,6.6,17.59,913,1.61
2018-06-28,23.3,28.2,20,84,21,22.8,913.5,1.83
2018-06-29,23.4,28.8,19.5,80.6,6.6,26.63,913.9,1.74
2018-06-30,22.8,28.4,17.7,80.2,0.4,23.05,913.1,1.44
2018-07-01,22.1,27.7,16.7,82.3,34.4,20.45,913,1.29
2018-07-02,22.6,28,17.2,78.9,5.6,26.05,912.7,1.42
2018-07-03,23.2,27.4,20,78.8,0,25.62,912.8,1.86
2018-07-04,21.4,26.6,19.4,85.3,0,16.73,912.2,2.07
2018-07-05,22,25.8,18.8,87.1,3.4,17.76,912.5,1.61
2018-07-06,22.6,27.9,19.8,85.2,0.8,17.23,912.7,1.83
2018-07-07,22.7,27.4,18.1,74.9,0.4,24.4,913.5,1.92
2018-07-08,23.2,27.6,18.7,77.9,0,23.94,913.7,2.15
2018-07-09,22.3,27.8,16.7,85.6,0.8,23.48,914.2,1.81
2018-07-10,22,27,17.8,83.9,28.4,22.76,914,2.32
2018-07-11,21.9,26.1,19.4,82,0,21,913.3,2.28
2018-07-12,21.5,25.8,19.5,88.2,0.6,21.95,913.5,1.76
2018-07-13,22.6,27.3,19.1,83.9,18,23.51,914.4,2.02
2018-07-14,22.5,27.3,18.4,81.2,0,24,914.2,2.35
2018-07-15,21.1,26.3,17.2,88.3,0.2,19.51,913.8,2.14
2018-07-16,22.4,27.5,18,86,29.4,23.13,914.2,2.04
2018-07-17,22.6,28.5,18.2,83.5,4.6,21.51,914.8,2.02
2018-07-18,22.5,27.5,19.3,87,37.6,18.93,914,1.9
2018-07-19,22.6,27.7,18.7,83.4,3.2,26.62,912.8,1.9
2018-07-20,22.9,27.7,19.3,82.4,0.2,25.39,913,1.97
2018-07-21,22.5,27,19.4,87.2,7.2,19.12,912.4,1.95
2018-07-22,23.6,28.5,20.6,82.5,7.8,25.13,912.7,1.78
2018-07-23,23.6,29,19.5,78.8,0.4,26.79,913.1,1.6
2018-07-24,23.5,30.1,19.1,77.5,0,26.39,913.5,1.43
2018-07-25,23.6,29.2,19.5,78.8,0,24.75,913.1,1.38
2018-07-26,23.7,29.5,19.6,79.5,0,23.33,913.1,1.29
2018-07-27,23.9,29.2,20.1,79.7,2.8,24.87,913.2,1.67
2018-07-28,23.1,28.5,17.9,83.9,1.4,22.96,913.4,1.23
2018-07-29,22.4,29.1,17.9,82.7,28.8,20.27,913,1.15
2018-07-30,23.6,29.2,19.7,81.9,6.8,21.91,912.8,1.16
2018-07-31,23.9,29.2,19.8,80.2,0,24.93,912.6,1.1
2018-08-01,22.3,28.6,19.2,82.5,0,21.39,912.2,1.61
2018-08-02,22.6,28.1,17.9,80,9.8,23.8,912.2,1.44
2018-08-03,21.7,27.6,17.1,82.5,19.8,17.04,912.1,1.39
2018-08-04,20.8,25.1,17.4,87,7.2,13.4,912.1,1.51
2018-08-05,22.6,28.1,18.1,84.3,21.6,21.41,912.4,1.42
2018-08-06,21.8,28,18.1,88.5,26.2,17.11,912.7,1.75
2018-08-07,20.8,27,16.9,87.7,16.2,21.75,912.7,1.88
2018-08-08,21.1,27.1,16.7,85.6,15.6,20.9,912.6,1.75
2018-08-09,22.5,27.1,19.1,87.4,4.2,19.93,912.8,1.35
2018-08-10,22.8,28.2,18.3,78.7,0,23.79,913.4,1.63
2018-08-11,23.2,28.5,18.3,80.2,0,26.96,913.6,1.9
2018-08-12,22,27.9,18,83.1,24.8,24.97,913.6,1.51
2018-08-13,21.9,29,17.9,82.7,15.2,22.53,913.4,1.45
2018-08-14,22.6,28,18.1,81.4,16.2,23.31,912.5,1.36
2018-08-15,22.8,26.5,20.3,85.2,9.2,17.3,912.6,1.53
2018-08-16,22.7,27.4,19,82.8,0.8,23.8,913.6,1.41
2018-08-17,21.9,27,18.7,86.3,11.2,18.86,914.6,1.15
2018-08-18,22.8,28.5,18.3,81.2,9.2,25.64,914,1.48
2018-08-19,23.3,28.6,19.8,84.3,28.8,22.61,912.6,1.1
2018-08-20,23.1,29.7,19.2,83.7,0,19.1,912.7,1.4
2018-08-21,23.6,28.5,20.2,80.6,5.8,25.38,913.6,1.62
2018-08-22,22.8,26.9,20.9,86,0.2,18.91,914,1.91
2018-08-23,23,28,20.4,84.1,1,23.65,913.2,1.73
2018-08-24,22.4,27.9,16.9,84.2,9,24.3,912.4,1.65
2018-08-25,21.7,28.9,18,87.5,25.8,22.32,913.3,1.58
2018-08-26,21.8,27.1,17.4,87.4,6.2,18.08,913.4,1.51
2018-08-27,22.4,28.2,17.2,81.6,73.8,26.15,912.4,1.6
2018-08-28,23.1,29,19.6,79.3,0,26.08,912.2,1.17
2018-08-29,21.6,28.8,18.4,85.2,2.6,17.53,913,1.28
2018-08-30,23,28.4,19.1,80.8,6.8,25.66,912.2,1.18
2018-08-31,22.6,28.9,19,84.9,0,21.29,911.4,1.21
2018-09-01,22.8,29,18.5,83.5,14.6,23.73,911.3,1.01
2018-09-02,22.8,28.7,18.3,83.2,14.8,22.47,910.8,1.13
2018-09-03,22.9,29.4,18.5,82.7,18.6,24.52,910.8,1.12
2018-09-04,23.3,28.8,19.1,82.4,20.6,24.37,910.8,1.08
2018-09-05,23.2,27.6,19.4,83.9,6.2,18.11,911.2,1.4
2018-09-06,22.6,27.2,20.1,86,1,21,911.9,1.21
2018-09-07,22.6,28.3,18.1,83.8,0.2,20.99,911.7,1.07
2018-09-08,23,29.4,18.2,81.2,29.6,19.09,910.5,0.85
2018-09-09,22.8,28.8,19,84.1,0,14.22,909.7,0.62
2018-09-10,22,28.1,19.4,89.4,14.4,20.64,909.9,1.31
2018-09-11,22.5,28.8,19.4,89.3,2.2,22.12,911,1.02
2018-09-12,23.3,27.7,20.7,88.9,26.4,18.03,911,0.74
2018-09-13,24,30.2,19.8,81.4,2.6,22.1,910.6,1.08
2018-09-14,23.7,29.4,19.3,79.8,0,20.66,910.8,1.02
2018-09-15,23.1,29.5,19.8,85.7,3.2,17.54,910.7,0.98
2018-09-16,23.5,28.9,19.5,82,3.8,20.59,910.5,1.05
2018-09-17,23.2,28.1,19.1,80.4,0,25.59,910.9,1.56
2018-09-18,23.2,28.4,19,79.9,0,24.19,910.8,1.43
2018-09-19,23.2,28.9,20.2,84,0,19.03,910.5,1.3
2018-09-20,22,28.5,18.5,88.9,43.4,18.48,911,1.27
2018-09-21,21.7,28.2,18.1,87.2,11.6,20.75,911.5,1.56
2018-09-22,22.3,29.2,18.4,85.1,35.8,19.64,910.7,1.44
2018-09-23,21.9,28.3,18.3,86,13,17.71,910.3,1.36
2018-09-24,22.5,28.6,18.8,83.5,17.8,22.42,910.9,1.53
2018-09-25,22.3,28.7,18.1,80.1,0,23.14,911.6,1.43
2018-09-26,22.1,27.2,18.3,83.8,4,18.69,911.7,1.29
2018-09-27,23,28.6,18.8,84.5,41.8,21.69,911.3,1.25
2018-09-28,22.7,29,18.6,81.3,0,19.65,912,1.44
2018-09-29,21.9,27.4,18.1,84.8,0.6,16.17,911.8,1.41
2018-09-30,22,27.5,17.7,84.2,17.6,19.81,911.9,1.61
2018-10-01,22.2,25.5,19.3,84.6,0,17.21,911.8,1.74
2018-10-02,21.2,25,18.9,89.5,3,16.45,911,1.79
2018-10-03,21.5,25.9,18.8,88.6,6.4,14.73,910.1,1.57
2018-10-04,21.2,24.2,20.1,90.5,2.4,11.43,910,1.71
2018-10-05,21.2,25.1,19.2,91.2,17.8,11.03,909.3,1.45
2018-10-06,22.2,27.1,19.6,84.7,22.4,9.28,907.7,1.73
2018-10-07,22.8,29.1,19.3,84.6,4.4,14.7,909.2,1.86
2018-10-08,22.5,27.2,18.9,82.4,0.2,10.3,909.1,2.38
2018-10-09,23.2,28.9,19.8,81,0.2,9.43,909.7,2.57
2018-10-10,24.1,31.9,19,80.1,1,19.83,910.7,1.65
2018-10-11,23.1,28.7,19.2,86.5,31,18.38,911.5,0.88
2018-10-12,22.9,29.1,17.8,82,0.6,20.32,911.2,0.73
2018-10-13,22.9,29.4,19,83.3,0,19.97,910.9,0.77
2018-10-14,23,28.8,19.2,83.1,0,15.79,910.6,0.99
2018-10-15,22.9,28.5,19.4,84.3,0,17.12,910.3,1.01
2018-10-16,21.2,24.2,20,93.5,0,6.75,909,0.81
2018-10-17,22.4,28.3,19.7,87.4,5.2,14.38,910.4,1.04
2018-10-18,22.1,26.9,19.5,89.3,13.6,12.52,911.4,1.29
2018-10-19,21.5,26.2,19,89.6,1.6,10.4,912.3,1.24
2018-10-20,22.8,28.5,18.3,82.7,2.6,16.34,911.4,1.08
2018-10-21,22.2,27.8,19.3,84.9,52.8,15.98,911.6,1.67
2018-10-22,22.3,27.2,19.3,84.6,0.6,22.54,912.6,1.78
2018-10-23,22.7,28.3,18.7,81.1,1.6,21.18,912.9,1.82
2018-10-24,22.4,27.5,19.7,83.8,5.6,20.46,912.7,1.65
2018-10-25,22.5,27.8,19.9,83.2,0.4,16.53,911.4,1.41
2018-10-26,22.6,28.3,18.9,85.3,0,20.05,910.9,1.34
2018-10-27,22.3,28,18.2,84.1,0,17.75,911.8,1.53
2018-10-28,21.6,26.2,18.5,85.3,26.8,18.72,913.7,2.04
2018-10-29,21.6,26.9,18.2,82.4,0.2,20.48,913.7,2.22
2018-10-30,21.5,26.3,18.5,88.2,0.2,17.64,912.9,2.14
2018-10-31,22.3,28.1,18.3,83.8,0,20.92,912.2,1.21
2018-11-01,22.9,28.9,18.5,84.3,0,17.57,911,0.85
2018-11-02,23,29.7,20.4,86.7,0,15.22,911.3,0.79
2018-11-03,23,28.7,19.8,85.4,6.8,18.17,911.5,1.23
2018-11-04,22.1,27.6,19.1,88.1,11.2,13.24,911.8,0.83
2018-11-05,22.7,28.5,18.3,80.5,1.8,20.11,911.5,1.04
2018-11-06,21.9,28.4,19,88,19.2,16.62,910.6,1.17
2018-11-07,22.7,28.4,20.1,83,6.6,19.52,910.7,1.42
2018-11-08,22.4,28.1,18.5,82.7,0,18.03,911.2,1.28
2018-11-09,22.2,27.1,19.5,84.4,1.8,19.8,911.5,1.46
2018-11-10,22.3,27.9,18.9,76.3,0,19.23,912.8,2.15
2018-11-11,21.5,26.4,18.8,82.4,0,20.68,912.5,2.24
2018-11-12,22.4,27.9,18.9,81.5,0,21.45,911.8,1.55
2018-11-13,22.2,28.9,17.8,82.6,0,20.5,912.4,1.56
2018-11-14,20.3,24.5,17.9,79.6,0,12.03,913.7,2.84
2018-11-15,18.7,20.9,17.8,76.1,0,12.23,914.7,3.89
2018-11-16,16.8,18.7,15.4,89.9,0,12.43,913.9,3.59
2018-11-17,18.4,20.6,16.5,87.4,5.4,13.3,913.5,2.73
2018-11-18,20.4,24,17.5,89,0,15.31,913,2.31
2018-11-19,21.3,24.6,18.8,89.8,0.8,17.39,912.9,1.87
2018-11-20,22.1,26.2,20,87,0.4,16.14,913.4,1.99
2018-11-21,22.5,27.4,19.3,82.8,0.2,18.81,914.4,2.24
2018-11-22,21.6,27.3,18.1,83.8,0.2,18.32,914.2,2.34
2018-11-23,21.1,25.8,17.7,84,0.8,20.15,912.4,1.88
2018-11-24,21.3,27.2,17,83.9,0,21.03,910.6,1
2018-11-25,22,28.1,17.2,83.4,0,20.21,910.9,0.8
2018-11-26,22.7,30.2,18,78.4,0,18.54,912,1.03
2018-11-27,21.4,25.4,18.6,86.8,0,17.53,912.6,1.68
2018-11-28,21.5,27.5,18,84.6,1.2,18.79,912.1,1.66
2018-11-29,21.6,26.6,19.2,89.4,9.6,14.76,912.7,1.33
2018-11-30,21.7,29,17.6,77.8,0,18.39,912,0.97
2018-12-01,21.8,29.3,16.4,77.2,0,20.19,910.3,1.32
2018-12-02,22.1,29.4,17.5,76.6,0,20.55,910.3,1.32
2018-12-03,22.5,29.3,17.5,75.4,0,20.24,911.2,1.05
2018-12-04,22.5,28.4,18.3,78,0,16.3,912.3,1.56
2018-12-05,21.7,26.8,18.2,79.2,0,17.8,914.2,2.4
2018-12-06,20.2,23.3,17.7,86.4,0,12.32,915.4,2.37
2018-12-07,21,26.4,17.1,83,0,17.86,915.7,2.37
2018-12-08,21.4,27,17,80.4,1.2,19.94,914,1.19
2018-12-09,21,27.3,17,82,0,18.53,914,1.74
2018-12-10,19.2,23.7,17.1,91.6,0,12.51,915.3,2.8
2018-12-11,17.3,19.7,16.5,86.2,44.4,10.65,916.8,3.85
2018-12-12,16.6,19.4,14.5,90.2,1,11.14,915.3,2.56
2018-12-13,19.9,27.3,16.3,83,0,20.59,912.7,1
2018-12-14,21.4,28.8,15.6,76.1,0,18.81,912.7,1.27
2018-12-15,18,20.5,15.9,87.8,0,11.09,915.8,2.81
2018-12-16,15.7,17.7,14.3,89,24.8,9.81,917,3.4
2018-12-17,16.4,18.7,14.2,84.3,4.4,10.74,916.2,2.97
2018-12-18,17.9,22.7,13,83.4,2.2,18.85,913.8,1.87
2018-12-19,20.9,27.4,16.3,78.4,0,18.31,910.9,1.28
2018-12-20,22.7,29.9,16.5,64.6,0,20.3,911,1.56
2018-12-21,17.4,21.8,13.8,82.7,37.6,18.4,915.2,3.55
2018-12-22,16.9,21.2,13.5,83.1,0,19.43,915,2.71
2018-12-23,18.5,23.2,16,87.3,0,14.13,914.5,2.44
2018-12-24,19.6,22.7,18,92.5,5.8,11.57,913.2,2.51
2018-12-25,20.3,25.4,18.6,88.6,6,17.58,912.2,2.22
2018-12-26,19.9,24.3,16,86,1,16.78,911.4,1.86
2018-12-27,20.4,26.4,16.5,83.8,0,19.12,910.1,1.06
2018-12-28,20.9,27.7,16.3,77.9,0,20.3,910.7,1.32
2018-12-29,21.2,27,17.1,80,0,20.61,912.1,1.63
2018-12-30,21.4,27.9,16.2,74.7,0,20.94,911.8,1.45
2018-12-31,20.8,28.2,15.6,75.9,0,21.03,911.5,1.56
2019-01-01,20.6,26.1,17,84.9,0,14.76,911.2,2.03
2019-01-02,21.6,27.4,17.7,80.8,1.4,19.19,911.4,1.71
2019-01-03,20.4,26.3,15.8,77.9,0,20.74,911.4,1.52
2019-01-04,21.4,27.4,16.9,78.5,0,19.23,912.5,1.56
2019-01-05,20.6,26.3,16.8,83.9,0,19.53,914.2,2.47
2019-01-06,20.1,26.1,16.6,82.3,0,17.55,914.8,2.46
2019-01-07,19.8,25.9,17.3,85.1,3,16.42,914.6,1.91
2019-01-08,19.9,25.7,16.2,83.1,0,15.55,914.9,1.68
2019-01-09,19.5,23.8,17.8,87.5,0,13.93,915.6,2.23
2019-01-10,17.4,18.6,16.3,95.1,1.6,9.36,915.3,2.61
2019-01-11,17.3,19.9,15.4,92.8,42.6,12.5,914.5,2.31
2019-01-12,19.6,25.1,15.6,84.4,2.2,20.6,914.1,1.34
2019-01-13,19.9,25.3,17.7,85.1,0,16.13,915.2,2.22
2019-01-14,19.3,23.5,17.7,87.9,1.2,13.54,915.7,2.65
2019-01-15,19.4,24.6,17.1,85.9,0.8,18.05,915.4,2.5
2019-01-16,19,22.9,17,88.3,0.6,13.43,915.8,2.61
2019-01-17,18,19.3,17.2,95.9,1,12.16,915.4,2.58
2019-01-18,18.9,23.7,17.2,92.7,34.6,14.44,914,2.18
2019-01-19,20.7,27,17.8,84.3,2.8,20.77,912.2,0.89
2019-01-20,18.9,24.7,15.3,85.2,0,11.95,915,3.11
2019-01-21,14.5,15.5,13.5,95.1,17.2,12.69,916.2,3.51
2019-01-22,17.7,23.8,13.3,86.8,5.2,20.94,914.2,2.01
2019-01-23,20.6,28.3,15.2,77.9,0,22.12,911.6,1.01
2019-01-24,21,27,17.4,80.7,0,17.59,912.6,2.09
2019-01-25,21.4,26.5,18.7,80.8,0,19.88,913.5,2.32
2019-01-26,20.7,26.2,18.3,86.4,1.4,18.63,911.8,1.76
2019-01-27,21.9,29.8,16.3,78.3,0,20.21,910.7,1.52
2019-01-28,16.3,20.2,13.5,86.7,0.6,18.57,912.7,2
2019-01-29,18.5,26.9,13.2,82.7,0,21.22,912.5,1.46
2019-01-30,18.7,24.1,14.8,85.1,0,18.67,913.4,2.12
2019-01-31,20.4,25.7,15.9,82.6,0.2,20.89,913.8,1.88
2019-02-01,21.8,28.2,17.7,78.2,0,18.02,913.3,1.51
2019-02-02,21.5,28.2,17.6,78.6,0,20.72,912.6,1.73
2019-02-03,21,27.6,16.5,81,0,19.92,911.4,1.39
2019-02-04,21.5,28.2,16.9,77.9,0,20.9,911.2,1.29
2019-02-05,21.6,28.2,16.5,76.7,0,21.775,911.9,1.62
2019-02-06,21.3,27.3,17.6,79.8,0.2,22.65,912.1,1.83
2019-02-07,20.9,27.5,16.5,79.4,0.2,22.18,911.9,1.66
2019-02-08,21.4,26.7,18,78.4,0,21.06,913.4,2.5
2019-02-09,20.4,26,17.7,80.1,0,18.97,914.7,3.54
2019-02-10,19.9,25.2,15.6,79.3,0,20.93,913.9,2.59
2019-02-11,20.8,26.8,17.4,79.8,0.4,20.79,911.6,1.58
2019-02-12,21.6,29.2,15.9,78.3,0,22.11,911.3,1.04
2019-02-13,20.9,26.4,17.3,74.4,0,20.62,913.8,2.19
2019-02-14,18.8,21.1,17.3,93.2,1.8,14,913.3,2.16
2019-02-15,20,26,15.8,86.7,12.6,23.44,911.7,0.74
2019-02-16,22.7,30.6,18.5,80.5,0,23.38,910,1.34
2019-02-17,23.8,32.5,17.8,69.3,0,23.45,910.4,2.22
2019-02-18,23.6,32.3,17.4,65.2,0,24.41,911.2,1.58
2019-02-19,23.1,30.2,18.3,74.7,0,22.19,911.6,1.24
2019-02-20,22.6,29.7,17.5,74.7,0,20.98,909.7,0.73
2019-02-21,22.7,30,18.2,77.3,0,21.32,910.6,1.15
2019-02-22,23.2,30.5,18.2,77.2,0,19.64,912.2,1.14
2019-02-23,23,29.4,19.1,79.7,0,16.35,912.3,0.99
2019-02-24,22.9,29.5,18.4,78.8,0,20.72,912.6,1.93
2019-02-25,22.3,27.7,19.5,77.7,3.8,22.75,914.3,2.49
2019-02-26,20.9,27.2,16.1,76.3,0,24.84,914.6,2.32
2019-02-27,20.9,26.8,15.8,74.8,0,22.6,913.9,1.94
2019-02-28,21.5,28.4,16.7,76.1,0,18.55,912.6,1.3
2019-03-01,21.4,29.1,16.8,76.6,0,18.26,913.4,1.37
2019-03-02,21.7,28.2,16.7,76.8,0,21.26,913,1.71
2019-03-03,22.4,30,17.2,77.7,3.4,23.37,911.4,0.81
2019-03-04,23,30,18.2,78.4,0,20.77,911.9,1.22
2019-03-05,22,27.9,17.2,76.7,0,22.19,913.9,2.49
2019-03-06,22,26.8,18.4,74.1,0,22.64,915.9,3.47
2019-03-07,22.1,27.5,17,76.5,0,19.34,914.9,3.22
2019-03-08,22.3,27.9,17.9,77,0,22.48,912.8,3.02
2019-03-09,22.2,28.8,17.6,75.8,0,23.84,911.1,1.79
2019-03-10,22.4,29.5,17.2,70.8,0,25.02,912,1.88
2019-03-11,22.7,29.3,17.5,73,0,24.94,913,2.2
2019-03-12,22.6,28.4,19.4,80.7,6.2,23.29,912.9,2.52
2019-03-13,22.6,30,17.8,75.1,16,24.31,910.9,1.3
2019-03-14,22.8,30.8,17.1,69.5,0,25.36,910.3,0.92
2019-03-15,22.6,29.5,17.4,72.2,0,23.35,911.8,1.44
2019-03-16,21.7,28.1,17.2,74.4,0,21.81,913.3,2.65
2019-03-17,21.8,27.5,18.8,74.5,0,24.42,913.1,2.85
2019-03-18,21,27.9,15.5,73,0,22.75,912.8,2.23
2019-03-19,20.3,27.6,15,72.8,0,24.24,913,1.6
2019-03-20,20.1,25,16,77.5,0,16.24,913.1,2.09
2019-03-21,20.6,25.5,17,76.5,0,17.02,914.2,2.75
2019-03-22,20.2,25.7,17,75.2,0,19.49,914.7,2.86
2019-03-23,19.6,25.8,14.9,72.3,0,21.64,914.9,2.51
2019-03-24,18.9,27.2,12.7,71.2,0,26.45,914.5,2.15
2019-03-25,20.2,27.3,13.5,72.8,0,26.95,913.1,1.68
2019-03-26,21.6,27.8,17.9,73.9,0,21.89,913.3,2.8
2019-03-27,20.6,27.1,15.8,71.2,0,21.64,914.4,3.55
2019-03-28,18,24.5,15.1,82.1,0,21.1,915.1,2.99
2019-03-29,18.9,25.5,14.4,74.9,2.6,22.03,913.4,1.93
2019-03-30,20.1,27.9,13.9,70,0,26.49,911.1,1.09
2019-03-31,21.1,29.2,14.6,70.6,0,26.38,911.6,1.17
2019-04-01,21.5,28,16.2,71.1,0,25.89,913.2,1.77
2019-04-02,21.9,28.3,16,72.2,0,24.01,914.3,2.21
2019-04-03,22.6,28.2,19,82.2,32.8,18.29,914.9,2.23
2019-04-04,22.2,28.4,17.9,81.3,125.2,20.14,914.2,1.7
2019-04-05,23,29.9,18.7,78.2,0,18.91,912.1,1.12
2019-04-06,23,31.4,17.7,74.2,0,20.77,911.6,1.14
2019-04-07,23.4,31.2,18.1,70.9,0,20.97,911.6,0.97
2019-04-08,24.6,32.3,18.8,69,0,18.64,911.2,1.15
2019-04-09,22.5,28.4,19,84.7,0,17.42,910.7,0.71
2019-04-10,21.3,27,18.7,84.9,58.8,22.39,910.8,1.46
2019-04-11,24,32.7,18.5,75.2,0,23.77,908.8,1.77
2019-04-12,25.5,34,19.3,69.3,0,25.9,908.6,1.99
2019-04-13,26.4,34.9,19.4,60.4,0,25.62,908.7,2.29
2019-04-14,25.4,34.7,18.4,64.1,0,26.85,909.6,1.57
2019-04-15,22.9,27.9,18.5,78.3,6.2,20.15,912.9,2.31
2019-04-16,23.1,28.1,19.8,77.8,0.4,17.5,913.5,2.28
2019-04-17,23.3,29.2,18.8,77,0,18.86,911.4,1.56
2019-04-18,24.5,32.2,17.8,72.4,0,19.45,908.8,1.4
2019-04-19,24.2,29.7,19.1,74.4,0,17.82,910.8,1.78
2019-04-20,18.6,23,14.1,74.4,13,21.45,914.6,3.09
2019-04-21,20,26.1,14.2,71.2,0,25.36,914.6,2.51
2019-04-22,21.8,28.9,16.5,77.6,0,23.91,913.2,1.96
2019-04-23,23.2,29.3,19.7,74.9,0,22.42,911.7,1.65
2019-04-24,23.3,30.2,18.3,77.1,0,21.61,910.6,0.66
2019-04-25,24.8,33.4,19.2,69.9,0,23.02,909.9,1
2019-04-26,23.7,30.4,18.7,73.3,0,21.02,911.6,1.76
2019-04-27,22.4,29,16.7,69.6,0,23.38,911.5,1.85
2019-04-28,23,30.2,17.5,77.1,0,25.24,911.1,1.84
2019-04-29,24,30.5,20.9,79.8,0.4,19.79,911.2,2.1
2019-04-30,23.4,29.2,19.4,80.5,71.2,21.46,911.1,1.88
2019-05-01,23.2,30,18.8,77.1,18.6,23.76,910.9,1.49
2019-05-02,23.7,30.3,18.9,77.6,0,19.6,910.9,1.02
2019-05-03,24.7,31.8,19.6,76.6,0,19.94,910.1,0.85
2019-05-04,25,32.1,20,73.3,0,23.28,909.3,0.81
2019-05-05,25.2,33.5,20.4,72.2,0,20.24,909.2,1
2019-05-06,25.2,33.5,21.9,73,0,25.42,910.9,0.84
2019-05-07,24.8,30.9,20.6,79.7,0,21.98,911.6,0.7
2019-05-08,24.8,31.7,20.8,80.9,0,20.6,909.8,0.92
2019-05-09,26.1,34.2,20.3,71.5,0,23.54,909,1.29
2019-05-10,24.2,32.8,20.2,78.2,4.6,18.81,909.5,1
2019-05-11,23.6,28.7,19.5,82,3.4,17.76,909.8,1.05
2019-05-12,25.4,32.3,19.9,71.4,0,19.15,910.3,0.86
2019-05-13,25.8,32.3,20.7,71.8,0,19.51,910.4,0.7
2019-05-14,26.4,33.2,22,75.4,0,19.27,910.5,0.54
2019-05-15,26,33,21.8,78.3,0,17.02,910.4,0.51
2019-05-16,24.7,30.8,20.8,83.7,0.2,20.38,911.3,0.8
2019-05-17,24.2,30.4,20,75.3,0.2,17.18,910.5,1.09
2019-05-18,22.2,29.5,18.6,83.2,5.4,17.41,910,0.86
2019-05-19,23.6,31.4,18.5,78.4,9.8,20.38,910.1,1.07
2019-05-20,23.7,30.8,19.3,77,28,23.14,910.2,0.99
2019-05-21,24,31,19.2,75.7,0.2,18.8,908.9,0.89
2019-05-22,24.4,31.1,20.2,77.8,0,21.59,909,1.22
2019-05-23,23.3,28.2,19.4,83.8,5,19.9,909.7,1.18
2019-05-24,21.7,26.2,19.5,91.9,46.2,11.11,910.1,1.81
2019-05-25,22.5,26.7,20.4,83.4,12.4,16.36,910.7,1.7
2019-05-26,22.7,27.5,20.1,81.4,0,19.55,911.5,1.68
2019-05-27,22.2,28.1,19.6,86.4,6.8,16.91,910.8,1.11
2019-05-28,22.3,28.1,19.5,89.9,7.4,15.77,909.6,0.51
2019-05-29,23.3,30.5,19.3,84.5,53.6,16.37,908.8,1
2019-05-30,22.6,29.7,19.8,86.4,0,18.53,909.8,2.16
2019-05-31,24.3,30.1,19.7,78.2,5.4,18.28,910,1.94
2019-06-01,25,30.5,20.9,78.8,0,21.75,909.3,1.48
2019-06-02,24,31.6,20.3,82.5,0,13.62,909.7,1.13
2019-06-03,24.7,30.8,20.3,82.6,1.4,22.63,911.1,0.71
2019-06-04,25,31,20.8,78.1,0,23.51,911.9,1.11
2019-06-05,25.3,31.8,20.6,77,0,22.58,911.4,1.11
2019-06-06,25.4,31.9,20.8,79.9,0.8,21.56,910.5,0.63
2019-06-07,25.6,32,21.1,78.5,0,21.38,910,0.95
2019-06-08,26,32.7,21.2,77.3,0,20.44,910.4,0.8
2019-06-09,25.2,32.8,20.3,75.3,0,20.2,911.2,0.76
2019-06-10,24.4,31.3,18.5,75.8,0.2,21.44,912.1,1.08
2019-06-11,22.3,28.9,18.4,85.7,38.6,16.68,912.4,1.28
2019-06-12,22.5,29.3,17.7,83.8,54.2,21.98,912.4,1.02
2019-06-13,22.1,27.3,18.6,88.6,38.4,13.8,912.2,1.25
2019-06-14,23.9,29,20.2,80.3,2.8,19.42,912.6,1.28
2019-06-15,24.7,30.5,20.8,77.9,0,23.53,912.2,1.08
2019-06-16,24.2,30.2,19.5,78.7,0,24.23,910.9,1.1
2019-06-17,24.6,31.4,20.1,77.3,0,25.59,910.9,1.2
2019-06-18,25.1,31.2,20.7,75.1,0,24.73,911.6,1.25
2019-06-19,25,30.3,19.6,78.8,0,22.87,911.4,1.34
2019-06-20,22.9,30.7,19,85.6,41.6,20.06,911.3,1.39
2019-06-21,22.9,29.6,19.6,87.8,10.4,19.99,912.4,1.27
2019-06-22,23.1,29.2,18.7,87.7,25.4,14.22,913,1.1
2019-06-23,23.9,30.6,19,78.9,12.4,25.39,912.6,1.55
2019-06-24,24,30.8,18.7,68.9,0,27.45,912.3,1.35
2019-06-25,23.4,29.7,18.7,77.3,0,25.65,912.3,1.36
2019-06-26,22,27.8,18.1,84.1,37.8,20.47,912.6,1.74
2019-06-27,22.7,27.9,18.1,82.6,26.2,21.24,912.7,2.28
2019-06-28,22.7,27.6,19.5,83.3,0.2,23.43,912.6,2.59
2019-06-29,22,25.3,20.1,87.3,7,16.87,912.5,2.01
2019-06-30,22.2,27.9,19.9,87.8,46.8,20.33,912.9,1.55
2019-07-01,23.6,28.2,19.2,80.6,0.2,22.63,913.4,1.66
2019-07-02,24,29.9,19.8,76,0,27.04,912.9,1.83
2019-07-03,23.8,29,19.8,77.2,0,26.63,912.3,2.06
2019-07-04,23,28.9,18.2,77.7,0.2,27.57,912.5,1.91
2019-07-05,23.6,28.9,18.6,75,0.2,27.27,913.1,1.84
2019-07-06,23.1,28.1,20.3,81.5,0,21.46,913.3,1.76
2019-07-07,22.4,29.2,18.7,85.4,7.4,22.54,913.1,1.49
2019-07-08,23,27.4,18.9,84.3,3.2,20.81,912.8,1.26
2019-07-09,24,29.7,20.6,83.1,3.6,18.66,913.4,1
2019-07-10,23.6,30.3,17.7,78.2,0,26.17,912.7,1.34
2019-07-11,22.4,29.1,17.5,83.4,21.2,25.26,911.8,1.3
2019-07-12,23,29.3,18,79.8,58.8,23.38,910.8,1.07
2019-07-13,23.3,29.4,18.6,77,0,24.47,911.1,1.45
2019-07-14,23.9,29.2,18.8,75.6,0,23.66,912,1.37
2019-07-15,22,29.1,17.3,87.7,46,18.77,912.4,1.46
2019-07-16,22.6,28.2,18.6,83.4,30,20.9,913,1.69
2019-07-17,22,27.7,19.6,90.5,76.6,20.9,913,1.78
2019-07-18,22.9,27.4,19.3,81.4,12.8,23.45,912.7,1.75
2019-07-19,22.5,28.4,18,83,3,23.22,912.3,1.78
2019-07-20,22.4,27.7,18.3,85.2,31.4,15.71,911.9,1.55
2019-07-21,23.5,28.5,20,84,0.2,22.8,912,1.54
2019-07-22,23.6,29.1,19.6,77.8,0,21.33,912.5,1.27
2019-07-23,23.5,28.6,19,80.2,0,24.76,912.9,1.32
2019-07-24,23.6,30,19.1,81.7,9.8,22.1,913.1,1.31
2019-07-25,23.4,29,18.6,80.9,0.6,21.06,913.4,1.32
2019-07-26,23.3,28.7,19,77.6,0.2,23.5,914.2,1.91
2019-07-27,22.8,28.1,18.5,82.9,3.8,18.84,914.8,2.19
2019-07-28,22.2,28.7,18.3,82,0.4,22.19,914.4,2.04
2019-07-29,22.8,27.6,18.9,79.7,1,24.6,913.3,2.08
2019-07-30,22.2,26.8,19.1,87.8,41.2,22.29,912.6,2.15
2019-07-31,23,27.3,19.5,81.8,0.8,20.6,912.1,1.84
2019-08-01,22.8,28.1,19,84.3,23.6,22.44,912,1.72
2019-08-02,23,28.2,19.3,83.5,2,20.1,911.5,1.08
2019-08-03,23.4,29.4,18.2,82.6,25.8,25.4,911.7,1.04
2019-08-04,24.4,30.4,19.9,78,0.2,25.56,912.1,1.22
2019-08-05,24,30.5,19.3,80.6,0,23.24,912.5,1.09
2019-08-06,24.1,29.6,20,82.2,8.4,23.94,912.5,1.36
2019-08-07,23.3,29,17.9,84.8,8.2,20.05,912.6,1.17
2019-08-08,23.3,28.7,18.4,86.6,6.8,18.95,913.1,0.79
2019-08-09,24,30,20.2,84.4,11.4,15.84,913.1,1.31
2019-08-10,24.4,30.4,20.7,81.6,0,22.82,912.6,1.64
2019-08-11,24,29.8,19.9,83.7,27.8,24.7,912.6,1.66
2019-08-12,24,29.9,18.6,80.7,25.2,27.02,911.8,1.77
2019-08-13,24.5,30.3,20.6,76.6,2,24.9,911.4,1.7
2019-08-14,24,29.8,19.8,83.7,16.8,24.59,911.8,1.37
2019-08-15,23.5,29.5,18.8,82.6,29,21.11,912.9,1.13
2019-08-16,23.5,29.6,19.9,82.3,0,13.91,913.2,1.23
2019-08-17,22.9,29.8,18.9,84.7,4,14.81,912,1
2019-08-18,22.5,27.6,18.3,85.7,47.2,18.46,911.4,0.86
2019-08-19,22.8,28.4,18.2,81.3,42.6,20.49,911.4,0.84
2019-08-20,23,28.6,19.1,82.1,0.2,19.67,911.9,0.78
2019-08-21,24.1,29.5,20.5,81.8,4.4,21.6,912.7,1.1
2019-08-22,24.6,30.8,20.1,80.3,0.8,23.91,912.7,1.03
2019-08-23,24.1,30.9,19.4,75.4,0,26.75,912.6,1.15
2019-08-24,24,30.5,19,77.7,0,23.6,912.3,1.26
2019-08-25,24.2,30.3,19.8,78.4,5.2,23.99,911.4,1.03
2019-08-26,24.5,31.7,19,74,0,26.81,910.8,0.9
2019-08-27,24.7,31.1,19.8,76.8,0,23.75,911.2,1.06
2019-08-28,24.3,30.6,20.1,78.6,1.8,25.08,912.1,1.58
2019-08-29,23.9,29.7,19.2,76.3,0,26.72,912.5,1.64
2019-08-30,23.4,29.8,19,77.2,0,23.12,912.1,1.42
2019-08-31,23.8,30.1,18.6,74.2,0,22.82,911,0.76
